%YAML:1.0
num1: 1
num1: num2
num1: 2
A: !!opencv-matrix
   rows: 4
   cols: 5
   dt: f
   data: [ 10., 10., 10., 10., 10., 10., 10., 10., 10., 10., 10., 10.,
       10., 10., 10., 10., 10., 10., 10., 10. ]
